# Blender v2.79 (sub 0) OBJ File: ''
# www.blender.org
mtllib scene_cubes.mtl
o Cube.002
v -0.393623 1.542696 -1.189960
v -0.754993 2.353309 -0.703214
v -1.684055 2.145704 -1.047230
v -1.322685 1.335091 -1.533976
v -0.217957 2.112267 -2.008089
v -0.579328 2.922880 -1.521343
v -1.508390 2.715274 -1.865359
v -1.147019 1.904662 -2.352105
vn -0.1735 -0.5627 0.8082
vn 0.1735 0.5627 -0.8082
vn 0.9178 0.2051 0.3399
vn -0.3570 0.8008 0.4809
vn -0.9178 -0.2051 -0.3399
vn 0.3570 -0.8008 -0.4809
usemtl Material
s off
f 1//1 2//1 3//1 4//1
f 5//2 8//2 7//2 6//2
f 1//3 5//3 6//3 2//3
f 2//4 6//4 7//4 3//4
f 3//5 7//5 8//5 4//5
f 5//6 1//6 4//6 8//6
o Cube.001
v 0.944794 0.303073 -3.498070
v 1.139938 -0.415606 -2.228790
v -0.313899 -0.407822 -2.000865
v -0.509042 0.310856 -3.270145
v 1.062817 1.587242 -2.789105
v 1.257960 0.868563 -1.519825
v -0.195876 0.876347 -1.291901
v -0.391020 1.595026 -2.561180
vn -0.0802 -0.8726 -0.4818
vn 0.0802 0.8726 0.4818
vn 0.9879 -0.0053 -0.1549
vn 0.1326 -0.4884 0.8625
vn -0.9879 0.0053 0.1549
vn -0.1326 0.4884 -0.8625
usemtl Material
s off
f 9//7 10//7 11//7 12//7
f 13//8 16//8 15//8 14//8
f 9//9 13//9 14//9 10//9
f 10//10 14//10 15//10 11//10
f 11//11 15//11 16//11 12//11
f 13//12 9//12 12//12 16//12
o Cube
v 1.146756 -1.273135 -0.253137
v 0.841281 -0.321843 1.479413
v -1.135219 -0.479097 1.217269
v -0.829744 -1.430388 -0.515281
v 1.135219 0.479097 -1.217269
v 0.829743 1.430388 0.515281
v -1.146756 1.273135 0.253137
v -0.841281 0.321843 -1.479413
vn 0.0058 -0.8761 0.4821
vn -0.0058 0.8761 -0.4821
vn 0.9883 0.0786 0.1311
vn -0.1527 0.4756 0.8663
vn -0.9883 -0.0786 -0.1311
vn 0.1527 -0.4756 -0.8663
usemtl Material
s off
f 17//13 18//13 19//13 20//13
f 21//14 24//14 23//14 22//14
f 17//15 21//15 22//15 18//15
f 18//16 22//16 23//16 19//16
f 19//17 23//17 24//17 20//17
f 21//18 17//18 20//18 24//18
